3 0.02265625 0.3912037037037037 0.0453125 0.028703703703703703
4 0.15755208333333334 0.6370370370370371 0.07239583333333333 0.05185185185185186
4 0.16328125 0.3824074074074074 0.05572916666666666 0.02962962962962963
3 0.3052083333333333 0.37453703703703706 0.052083333333333336 0.026851851851851852
3 0.33125 0.6212962962962963 0.06875 0.04259259259259259
2 0.44609375 0.3685185185185185 0.05677083333333333 0.02962962962962963
2 0.4979166666666667 0.6101851851851852 0.06979166666666667 0.04814814814814815
1 0.5846354166666666 0.35833333333333334 0.0546875 0.031481481481481485
1 0.659375 0.5967592592592593 0.06458333333333333 0.04351851851851852
0 0.7158854166666666 0.34675925925925927 0.05572916666666666 0.036111111111111115
0 0.8296875 0.5819444444444445 0.057291666666666664 0.049074074074074076
