0 0.31015625 0.24212962962962964 0.049479166666666664 0.03796296296296296
0 0.18177083333333333 0.5435185185185185 0.06458333333333333 0.05
1 0.34010416666666665 0.5777777777777778 0.06354166666666666 0.05
1 0.45234375 0.2662037037037037 0.0546875 0.036111111111111115
2 0.51015625 0.6037037037037037 0.0609375 0.05185185185185186
2 0.5919270833333333 0.28935185185185186 0.0546875 0.03796296296296296
3 0.6861979166666666 0.6361111111111112 0.06510416666666667 0.05
3 0.7401041666666667 0.3087962962962963 0.051041666666666666 0.04537037037037037
4 0.86953125 0.6731481481481482 0.06614583333333333 0.05185185185185186
4 0.8950520833333333 0.32222222222222224 0.058854166666666666 0.06296296296296297
