3 0.20703125 0.6597222222222222 0.07968750000000001 0.05
3 0.23125 0.27083333333333337 0.065625 0.03888888888888889
2 0.0578125 0.2743055555555556 0.07187500000000001 0.04583333333333334
4 0.405859375 0.6506944444444445 0.07734375 0.04861111111111111
4 0.39296875000000003 0.2701388888888889 0.0703125 0.04861111111111111
3 0.554296875 0.26666666666666666 0.06796875000000001 0.03888888888888889
3 0.6019531250000001 0.64375 0.07578125000000001 0.04861111111111111
2 0.71875 0.2590277777777778 0.065625 0.04027777777777778
2 0.8015625000000001 0.6347222222222223 0.084375 0.058333333333333334
1 0.8832031250000001 0.2513888888888889 0.06796875000000001 0.04722222222222222
