0 0.59453125 0.5828703703703704 0.03697916666666667 0.03425925925925926
0 0.5119791666666667 0.42638888888888893 0.034375 0.017592592592592594
1 0.4817708333333333 0.6 0.046875 0.02777777777777778
1 0.4205729166666667 0.43842592592592594 0.0390625 0.025
2 0.36484375 0.6171296296296297 0.049479166666666664 0.03425925925925926
2 0.3265625 0.4476851851851852 0.04479166666666667 0.03796296296296296
3 0.24973958333333332 0.6328703703703704 0.050520833333333334 0.03796296296296296
3 0.228125 0.46342592592592596 0.040625 0.028703703703703703
3 0.020833333333333332 0.48379629629629634 0.041666666666666664 0.03425925925925926
4 0.12890625 0.47222222222222227 0.043229166666666666 0.02962962962962963
4 0.12526041666666665 0.65 0.050520833333333334 0.031481481481481485
