3 0.08958333333333333 0.5787037037037037 0.053125 0.03888888888888889
3 0.06197916666666667 0.7930555555555556 0.06354166666666666 0.04722222222222222
3 0.3559895833333333 0.7560185185185185 0.0546875 0.04537037037037037
3 0.3265625 0.5583333333333333 0.041666666666666664 0.02962962962962963
4 0.20859375 0.7736111111111111 0.0671875 0.04537037037037037
4 0.20859375 0.5740740740740741 0.049479166666666664 0.02962962962962963
2 0.49609375 0.7467592592592592 0.05572916666666666 0.04537037037037037
2 0.4359375 0.5467592592592593 0.03958333333333333 0.03425925925925926
1 0.6315104166666666 0.7263888888888889 0.05677083333333333 0.036111111111111115
1 0.5458333333333333 0.5356481481481482 0.04583333333333333 0.03425925925925926
0 0.7651041666666667 0.712037037037037 0.052083333333333336 0.04259259259259259
0 0.6544270833333333 0.5277777777777778 0.044270833333333336 0.02777777777777778
