1 0.07890625 0.6217592592592592 0.07239583333333333 0.03796296296296296
0 0.03567708333333333 0.3856481481481482 0.049479166666666664 0.026851851851851852
2 0.2421875 0.6337962962962963 0.065625 0.049074074074074076
2 0.3106770833333333 0.39351851851851855 0.050520833333333334 0.03333333333333333
3 0.4028645833333333 0.638425925925926 0.059895833333333336 0.03981481481481482
3 0.4427083333333333 0.40231481481481485 0.058333333333333334 0.03425925925925926
3 0.7263020833333333 0.6541666666666667 0.0609375 0.04537037037037037
3 0.7096354166666666 0.41481481481481486 0.05572916666666666 0.040740740740740744
2 0.8924479166666667 0.6643518518518519 0.0734375 0.04722222222222222
2 0.8473958333333333 0.4226851851851852 0.057291666666666664 0.03796296296296296
4 0.5635416666666666 0.6467592592592593 0.06354166666666666 0.05648148148148149
4 0.578125 0.40925925925925927 0.057291666666666664 0.03333333333333333
